0 0 799 279 269
0 1 800 280 269
0 2 32767 32766 32767
0 3 -12 32767 32767
1 0 -13 1028 1086
1 1 -13 1028 1084
1 2 -14 1023 1082
1 3 32767 -32768 32767
2 0 709 217 206
2 1 709 216 206
2 2 709 32767 32767
2 3 32767 32766 32767
3 0 499 243 231
3 1 32767 32766 32767
3 2 32767 32766 32767
3 3 5 32767 32767
4 0 6 878 904
4 1 6 880 907
4 2 -21 850 876
4 3 32767 -32768 32767
5 0 400 193 185
5 1 32767 32766 32767
5 2 32767 32766 32767
5 3 32767 32766 32767
6 0 -16 983 1009
6 1 -16 983 1009
6 2 -16 982 1007
6 3 694 32767 32767
7 0 695 246 223
7 1 32767 32766 32767
7 2 32767 32766 32767
7 3 32767 32766 32767
8 0 879 353 330
8 1 32767 32766 32767
8 2 32767 32766 32767
8 3 32767 32766 32767
9 0 -17 1179 1238
9 1 -17 1179 1239
9 2 -17 1178 1237
9 3 32767 -32768 32767
10 0 948 301 272
10 1 32767 32766 32767
10 2 32767 32766 32767
10 3 32767 32766 32767
11 0 -9 994 1011
11 1 -8 995 1012
11 2 -9 992 1010
11 3 32767 -32768 32767
12 0 995 296 271
12 1 32767 32766 32767
12 2 32767 32766 32767
12 3 -10 32767 32767
13 0 -10 1131 1182
13 1 -11 1132 1182
13 2 -11 1131 1181
13 3 32767 -32768 32767
14 0 945 310 276
14 1 968 331 295
14 2 946 311 276
14 3 945 311 275
15 0 1058 376 354
15 1 1062 379 356
15 2 1058 377 354
15 3 1057 376 354
16 0 -1 1007 1050
16 1 -2 1007 1049
16 2 1 1010 1051
16 3 32767 -32768 32767
17 0 1118 397 373
17 1 1111 389 365
17 2 1111 32767 32767
17 3 32767 32766 32767
18 0 1 875 975
18 1 3 877 975
18 2 6 878 975
18 3 32767 -32768 32767
19 0 857 302 271
19 1 855 301 270
19 2 32767 32766 32767
19 3 32767 32766 32767
20 0 1231 471 432
20 1 32767 32766 32767
20 2 32767 32766 32767
20 3 32767 32766 32767
21 0 -5 968 991
21 1 -5 968 992
21 2 -5 968 990
21 3 32767 -32768 32767
22 0 903 300 273
22 1 32767 32766 32767
22 2 32767 32766 32767
22 3 32767 32766 32767
23 0 4 1265 1311
23 1 3 1266 1311
23 2 4 1264 1310
23 3 32767 -32768 32767
24 0 883 271 241
24 1 32767 32766 32767
24 2 32767 32766 32767
24 3 32767 32766 32767
25 0 -10 695 734
25 1 -9 696 735
25 2 -9 694 734
25 3 32767 -32768 32767
26 0 683 261 239
26 1 32767 32766 32767
26 2 32767 32766 32767
26 3 32767 32766 32767
27 0 447 168 159
27 1 447 169 159
27 2 32767 32766 32767
27 3 32767 32766 32767
28 0 12 998 1025
28 1 13 997 1027
28 2 4 985 1018
28 3 32767 -32768 32767
29 0 782 266 260
29 1 782 266 260
29 2 32767 32766 32767
29 3 32767 32766 32767
30 0 16 902 930
30 1 16 902 929
30 2 12 897 924
30 3 32767 -32768 32767
31 0 630 269 255
31 1 32767 32766 32767
31 2 32767 32766 32767
31 3 32767 32766 32767
32 0 612 236 220
32 1 32767 32766 32767
32 2 32767 32766 32767
32 3 32767 32766 32767
33 0 -6 1085 1139
33 1 -7 1085 1138
33 2 -7 1084 1138
33 3 32767 -32768 32767
34 0 340 133 124
34 1 32767 32766 32767
34 2 32767 32766 32767
34 3 32767 32766 32767
35 0 -7 1037 1067
35 1 -7 1037 1068
35 2 -7 1035 1067
35 3 32767 -32768 32767
36 0 478 176 162
36 1 32767 32766 32767
36 2 32767 32766 32767
36 3 32767 32766 32767
37 0 24 986 1060
37 1 24 986 1061
37 2 24 985 1059
37 3 32767 -32768 32767
38 0 427 177 167
38 1 32767 32766 32767
38 2 32767 32766 32767
38 3 32767 32766 32767
39 0 551 218 208
39 1 32767 32766 32767
39 2 32767 32766 32767
39 3 32767 32766 32767
40 0 -19 781 802
40 1 -21 781 800
40 2 -20 781 801
40 3 32767 -32768 32767
41 0 560 189 177
41 1 573 200 189
41 2 560 189 177
41 3 560 189 177
42 0 -6 1137 1186
42 1 -10 1132 1181
42 2 -7 1135 1184
42 3 32767 -32768 32767
43 0 390 144 132
43 1 396 150 139
43 2 390 144 132
43 3 390 144 132
44 0 465 167 154
44 1 450 157 145
44 2 32767 32766 32767
44 3 32767 32766 32767
45 0 5 1208 1257
45 1 6 1209 1257
45 2 0 1201 1249
45 3 32767 -32768 32767
46 0 306 127 119
46 1 306 127 119
46 2 32767 32766 32767
46 3 32767 32766 32767
47 0 6 1366 1430
47 1 5 1364 1430
47 2 5 1364 1429
47 3 32767 -32768 32767
48 0 384 162 154
48 1 32767 32766 32767
48 2 32767 32766 32767
48 3 32767 32766 32767
49 0 14 1113 1175
49 1 13 1113 1176
49 2 14 1113 1176
49 3 32767 -32768 32767
50 0 321 141 132
50 1 32767 32766 32767
50 2 32767 32766 32767
50 3 32767 32766 32767
51 0 356 140 130
51 1 32767 32766 32767
51 2 32767 32766 32767
51 3 32767 32766 32767
52 0 6 871 912
52 1 6 869 911
52 2 6 868 910
52 3 32767 -32768 32767
53 0 484 183 171
53 1 32767 32766 32767
53 2 32767 32766 32767
53 3 32767 32766 32767
54 0 11 1136 1149
54 1 11 1138 1149
54 2 11 1135 1147
54 3 32767 -32768 32767
55 0 932 356 332
55 1 32767 32766 32767
55 2 32767 32766 32767
55 3 32767 32766 32767
56 0 1442 538 514
56 1 32767 32766 32767
56 2 32767 32766 32767
56 3 32767 32766 32767
57 0 -37 852 869
57 1 19 911 924
57 2 20 912 926
57 3 32767 -32768 32767
58 0 1028 395 364
58 1 32767 32766 32767
58 2 32767 32766 32767
58 3 32767 32766 32767
59 0 20 932 937
59 1 19 932 938
59 2 -12 896 903
59 3 32767 -32768 32767
60 0 1079 355 319
60 1 1079 355 319
60 2 32767 32766 32767
60 3 32767 32766 32767
61 0 3 897 926
61 1 3 898 927
61 2 3 898 926
61 3 32767 -32768 32767
62 0 1059 369 332
62 1 1059 369 332
62 2 32767 32766 32767
62 3 32767 32766 32767
63 0 1110 392 374
63 1 32767 32766 32767
63 2 32767 32766 32767
63 3 32767 32766 32767
64 0 14 1063 1120
64 1 14 1064 1120
64 2 14 1062 1118
64 3 32767 -32768 32767
65 0 995 321 303
65 1 32767 32766 32767
65 2 32767 32766 32767
65 3 32767 32766 32767
66 0 21 969 1031
66 1 20 969 1032
66 2 19 968 1030
66 3 32767 -32768 32767
67 0 741 273 247
67 1 32767 32766 32767
67 2 32767 32766 32767
67 3 32767 32766 32767
68 0 981 378 339
68 1 32767 32766 32767
68 2 32767 32766 32767
68 3 32767 32766 32767
69 0 2 978 1023
69 1 0 975 1021
69 2 3 978 1023
69 3 32767 -32768 32767
70 0 575 215 198
70 1 547 186 169
70 2 576 215 198
70 3 575 215 198
71 0 11 919 998
71 1 9 916 994
71 2 14 921 1000
71 3 32767 -32768 32767
72 0 777 313 288
72 1 792 326 301
72 2 778 313 288
72 3 777 312 288
73 0 7 1189 1252
73 1 8 1187 1253
73 2 -6 1171 1237
73 3 32767 -32768 32767
74 0 524 246 224
74 1 32767 32766 32767
74 2 32767 32766 32767
74 3 32767 32766 32767
75 0 566 241 222
75 1 32767 32766 32767
75 2 32767 32766 32767
75 3 32767 32766 32767
76 0 17 1050 1100
76 1 17 1051 1100
76 2 17 1049 1099
76 3 32767 -32768 32767
77 0 569 217 192
77 1 569 218 193
77 2 32767 32766 32767
77 3 18 32767 32767
78 0 32767 -32768 32767
78 1 18 995 1054
78 2 18 995 1055
78 3 32767 -32768 32767
79 0 528 230 210
79 1 530 233 212
79 2 32767 32766 32767
79 3 32767 32766 32767
80 0 795 322 286
80 1 32767 32766 32767
80 2 32767 32766 32767
80 3 32767 32766 32767
81 0 12 1086 1128
81 1 12 1086 1127
81 2 11 1083 1125
81 3 32767 -32768 32767
82 0 485 205 184
82 1 32767 32766 32767
82 2 32767 32766 32767
82 3 32767 32766 32767
83 0 9 1057 1085
83 1 9 1058 1084
83 2 12 1056 1086
83 3 492 32767 32767
84 0 492 209 184
84 1 32767 32766 32767
84 2 32767 32766 32767
84 3 32767 32766 32767
85 0 5 887 895
85 1 -5 875 883
85 2 6 887 896
85 3 32767 -32768 32767
86 0 812 344 307
86 1 32767 32766 32767
86 2 32767 32766 32767
86 3 1596 32767 32767
87 0 1596 641 577
87 1 1596 639 576
87 2 1596 641 577
87 3 1595 640 576
