0 0 1
1 0 1
2 0 1
3 0 1
4 0 1
5 0 1
6 0 1
7 0 1
8 0 1
9 0 1
10 0 1
11 0 1
12 0 1
13 0 1
14 0 1
15 0 1
16 0 1
17 0 1
18 0 1
19 0 1
20 0 1
21 0 1
22 0 1
23 0 1
24 0 1
25 0 1
26 0 1
27 0 1
28 0 1
29 0 1
30 0 1
31 0 1
32 0 1
33 0 1
34 0 1
35 0 1
36 0 1
37 0.670732 1.69846
38 0.51626 1.55202
39 0.54065 1.42622
40 0.613821 1.91184
41 0.45935 1.47527
42 0.52439 1.34049
43 0.634146 1.57848
44 0.0243902 1.51743
45 0.857724 1.37105
46 0.166667 2
47 0.512195 2
48 0.662602 2
49 0.691057 1
50 0.99187 1.61447
51 0.166667 2
52 0.857724 1
53 0 1
54 0.48374 1
55 0.800813 1.29593
56 0 1.19088
57 0.268293 1
58 0 0.771649
59 0 1
60 0.134146 1
61 0.443089 1
62 0.886179 1
63 0 1
64 0.223577 1
65 0.471545 1
66 0 1
67 0.930894 1.53463
68 0.800813 1.17754
69 0.300813 1
70 0.365854 1
71 0.199187 1
72 0 1
73 0.369919 1
74 0.585366 1
75 0.317073 1
76 0.605691 1
77 0.317073 1
78 0.711382 1
79 0.292683 1
80 0.666667 1
81 0.49187 1
82 0.158537 1
83 0.548781 1
84 0 1
85 0 1
86 0 1
87 0 1
88 0 1
89 0 1
90 0 1
91 0 1
92 0 1
93 0 1
94 0 1
95 0 1
96 0 1
97 0 1
98 0 1
99 0 1
100 0 1
101 0 1
102 0 1
103 0 1
104 0 1
105 0 1
106 0 1
107 0 1
108 0 1
109 0 1
110 0 1
111 0 1
112 0 1
113 0 1
114 0 1
115 0 1
116 0 1
117 0 1
118 0 1
119 0 1
120 0 1
121 0 1
122 0 1
123 0 1
124 0 1
125 0 1
126 0 1
127 0 1
